AS5600Initialized... AS5600_LIB_VERSION: 0.4.1
Connect: 1
AS5600Initialized... AS5600_LIB_VERSION: 0.4.1
Connect: 1
0.05 0.08
0.05 0.13
0.05 0.20
0.05 0.30
0.05 0.42
0.04 0.55
0.02 0.71
0.00 0.88
-0.02 1.09
-0.05 1.32
-0.08 1.55
-0.11 1.77
-0.14 1.98
-0.18 2.16
-0.22 2.32
-0.27 2.46
-0.31 2.56
-0.33 2.67
-0.36 2.74
-0.38 2.79
-0.39 2.81
-0.39 2.82
-0.39 2.82
-0.38 2.81
-0.38 2.79
-0.37 2.78
-0.37 2.78
-0.37 2.77
-0.37 2.78
-0.37 2.80
-0.37 2.83
-0.37 2.87
-0.37 2.93
-0.37 2.99
-0.37 3.06
-0.37 3.13
-0.37 3.21
-0.37 3.30
-0.37 3.40
-0.38 3.51
-0.39 3.64
-0.40 3.78
-0.41 3.94
-0.43 4.12
-0.46 4.32
-0.48 4.54
-0.50 4.76
-0.52 4.98
-0.54 5.17
-0.56 5.34
-0.57 5.49
-0.58 5.62
-0.59 5.72
-0.59 5.83
-0.59 5.92
-0.59 6.00
-0.58 6.08
-0.58 6.15
-0.58 6.23
-0.57 6.32
-0.57 6.40
-0.57 6.49
-0.57 6.59
-0.56 6.71
-0.56 6.82
-0.56 6.96
-0.56 7.13
-0.56 7.32
-0.56 7.53
-0.55 7.75
-0.55 7.97
-0.55 8.17
-0.55 8.36
-0.55 8.53
-0.55 8.67
-0.55 8.79
-0.55 8.90
-0.54 9.00
-0.54 9.08
-0.54 9.16
-0.53 9.23
-0.53 9.29
-0.52 9.36
-0.51 9.42
-0.51 9.49
-0.50 9.57
-0.50 9.65
-0.49 9.73
-0.49 9.84
-0.48 9.96
-0.48 10.08
-0.48 10.23
-0.48 10.40
-0.48 10.59
-0.48 10.79
-0.48 11.01
-0.48 11.21
-0.48 11.39
-0.48 11.55
-0.48 11.69
-0.48 11.81
-0.48 11.91
-0.47 11.99
-0.47 12.05
-0.46 12.11
-0.45 12.16
-0.44 12.20
-0.44 12.24
-0.43 12.29
-0.42 12.33
-0.42 12.38
-0.41 12.43
-0.41 12.49
-0.40 12.56
-0.40 12.63
-0.40 12.71
-0.40 12.80
-0.40 12.90
-0.40 13.01
-0.40 13.16
-0.40 13.31
-0.40 13.49
-0.40 13.68
-0.40 13.89
-0.39 14.11
-0.38 14.32
-0.38 14.52
-0.37 14.69
-0.36 14.82
-0.35 14.93
-0.33 15.00
-0.32 15.05
-0.31 15.08
-0.30 15.08
-0.29 15.08
-0.29 15.07
-0.29 15.06
-0.29 15.05
-0.29 15.06
-0.29 15.07
-0.29 15.08
-0.29 15.09
-0.29 15.12
-0.29 15.17
-0.29 15.24
-0.29 15.30
-0.29 15.38
-0.29 15.45
-0.28 15.52
-0.28 15.59
-0.27 15.66
-0.26 15.74
-0.25 15.82
-0.25 15.90
-0.23 15.98
-0.22 16.08
-0.21 16.19
-0.19 16.30
-0.18 16.42
-0.17 16.56
-0.16 16.69
-0.15 16.84
-0.15 16.98
-0.15 17.11
-0.15 17.20
-0.15 17.24
-0.15 17.24
-0.15 17.21
-0.15 17.15
-0.15 17.07
-0.15 16.99
-0.15 16.92
-0.15 16.85
-0.15 16.80
-0.15 16.78
-0.15 16.77
-0.15 16.78
-0.15 16.82
-0.14 16.89
-0.14 16.98
-0.13 17.07
-0.12 17.18
-0.11 17.29
-0.09 17.39
-0.07 17.47
-0.05 17.55
-0.03 17.59
-0.01 17.61
0.01 17.61
0.03 17.59
0.03 17.55
0.04 17.50
0.04 17.45
0.04 17.39
0.04 17.33
0.04 17.28
0.03 17.24
0.03 17.20
0.04 17.19
0.04 17.18
0.04 17.18
0.04 17.19
0.04 17.21
0.04 17.23
0.04 17.26
0.04 17.28
0.04 17.29
0.04 17.30
0.04 17.30
0.04 17.30
0.04 17.30
0.04 17.30
0.04 17.30
0.04 17.30
0.04 17.29
0.04 17.28
0.04 17.26
0.05 17.22
0.07 17.18
0.08 17.13
0.10 17.07
0.12 17.00
0.14 16.94
0.16 16.87
0.17 16.81
0.19 16.75
0.20 16.70
0.20 16.65
0.21 16.62
0.21 16.59
0.21 16.56
0.21 16.53
0.21 16.51
0.21 16.49
0.21 16.47
0.21 16.45
0.21 16.43
0.21 16.40
0.21 16.36
0.21 16.32
0.21 16.27
0.21 16.21
0.21 16.16
0.21 16.09
0.21 16.03
0.22 15.96
0.23 15.89
0.23 15.83
0.24 15.76
0.25 15.69
0.26 15.62
0.27 15.56
0.28 15.49
0.29 15.41
0.30 15.33
0.31 15.25
0.31 15.15
0.32 15.05
0.33 14.92
0.33 14.79
0.33 14.65
0.33 14.48
0.33 14.31
0.33 14.13
0.33 13.97
0.33 13.81
0.34 13.68
0.34 13.61
0.34 13.58
0.34 13.56
0.35 13.58
0.35 13.60
0.35 13.62
0.36 13.63
0.37 13.63
0.38 13.62
0.39 13.57
0.41 13.48
0.42 13.40
0.42 13.30
0.42 13.20
0.43 13.08
0.44 12.98
0.45 12.88
0.45 12.77
0.46 12.68
0.46 12.59
0.46 12.50
0.46 12.40
0.46 12.31
0.46 12.22
0.46 12.11
0.46 11.99
0.46 11.87
0.46 11.72
0.46 11.56
0.46 11.37
0.46 11.17
0.46 10.95
0.46 10.73
0.46 10.54
0.46 10.35
0.46 10.19
0.47 10.05
0.47 9.94
0.47 9.84
0.48 9.75
0.48 9.68
0.49 9.61
0.50 9.54
0.50 9.48
0.51 9.41
0.52 9.34
0.52 9.27
0.53 9.20
0.53 9.12
0.53 9.02
0.53 8.92
0.53 8.80
0.53 8.66
0.53 8.50
0.53 8.33
0.53 8.13
0.53 7.91
0.54 7.68
0.53 7.45
0.54 7.24
0.54 7.06
0.54 6.90
0.53 6.77
0.54 6.66
0.54 6.56
0.53 6.47
0.54 6.39
0.54 6.32
0.53 6.24
0.53 6.17
0.53 6.11
0.54 6.03
0.54 5.96
0.54 5.88
0.54 5.78
0.53 5.68
0.53 5.58
0.54 5.45
0.54 5.30
0.53 5.13
0.54 4.94
0.53 4.75
0.53 4.55
0.53 4.35
0.53 4.16
0.53 3.99
0.53 3.85
0.53 3.74
0.53 3.64
0.52 3.55
0.51 3.48
0.50 3.41
0.48 3.36
0.47 3.31
0.45 3.26
0.44 3.21
0.42 3.17
0.40 3.12
0.38 3.08
0.37 3.03
0.35 2.97
0.34 2.91
0.33 2.84
0.33 2.76
0.32 2.67
0.31 2.57
0.31 2.45
0.31 2.33
0.30 2.19
0.30 2.03
0.29 1.85
0.28 1.66
0.27 1.48
0.25 1.31
0.23 1.15
0.21 1.03
0.19 0.96
0.17 0.95
0.15 1.00
0.12 1.08
0.10 1.20
0.07 1.33
0.05 1.48
0.02 1.61
-0.00 1.72
-0.02 1.82
-0.03 1.87
-0.04 1.89
-0.05 1.87
-0.05 1.80
-0.06 1.70
-0.06 1.58
-0.06 1.46
-0.06 1.33
-0.06 1.21
-0.06 1.10
-0.06 1.03
-0.06 1.01
-0.06 1.04
-0.06 1.12
-0.07 1.23
-0.08 1.36
-0.10 1.50
-0.12 1.67
-0.15 1.83
-0.18 1.98
-0.21 2.11
-0.24 2.23
-0.28 2.33
-0.33 2.40
-0.37 2.46
-0.40 2.50
-0.43 2.53
-0.45 2.54
-0.46 2.55
-0.46 2.56
-0.45 2.56
-0.44 2.56
-0.43 2.58
-0.43 2.61
-0.42 2.66
-0.41 2.71
-0.41 2.77
-0.41 2.84
-0.41 2.92
-0.41 3.00
-0.41 3.08
-0.41 3.17
-0.41 3.26
-0.41 3.36
-0.41 3.46
-0.41 3.59
-0.41 3.74
-0.41 3.89
-0.42 4.07
-0.42 4.27
-0.43 4.48
-0.44 4.72
-0.45 4.94
-0.47 5.14
-0.48 5.32
-0.50 5.48
-0.51 5.62
-0.53 5.74
-0.54 5.85
-0.55 5.94
-0.56 6.04
-0.57 6.14
-0.58 6.22
-0.58 6.31
-0.58 6.41
-0.58 6.51
-0.58 6.63
-0.58 6.75
-0.58 6.90
-0.58 7.06
-0.58 7.26
-0.58 7.46
-0.58 7.67
-0.58 7.91
-0.58 8.13
-0.57 8.33
-0.57 8.50
-0.57 8.65
-0.57 8.78
-0.56 8.89
-0.56 8.99
-0.55 9.08
-0.54 9.15
-0.54 9.22
-0.53 9.29
-0.53 9.35
-0.52 9.41
-0.52 9.47
-0.52 9.54
-0.51 9.62
-0.51 9.69
-0.51 9.78
-0.51 9.89
-0.50 10.01
-0.50 10.14
-0.50 10.29
-0.50 10.46
-0.50 10.66
-0.50 10.86
-0.50 11.07
-0.50 11.27
-0.50 11.44
-0.49 11.59
-0.48 11.72
-0.47 11.83
-0.46 11.92
-0.45 12.00
-0.44 12.07
-0.43 12.14
-0.42 12.19
-0.42 12.24
-0.41 12.30
-0.41 12.36
-0.41 12.41
-0.41 12.47
-0.41 12.54
-0.41 12.60
-0.41 12.68
-0.41 12.76
-0.41 12.86
-0.41 12.95
-0.41 13.07
-0.41 13.21
-0.41 13.35
-0.41 13.54
-0.41 13.72
-0.40 13.91
-0.40 14.12
-0.39 14.32
-0.39 14.49
-0.38 14.63
-0.37 14.74
-0.35 14.81
-0.34 14.84
-0.33 14.84
-0.32 14.84
-0.31 14.84
-0.30 14.83
-0.29 14.82
-0.29 14.82
-0.29 14.82
-0.29 14.83
-0.29 14.85
-0.29 14.90
-0.29 14.97
-0.29 15.04
-0.29 15.11
-0.29 15.19
-0.29 15.28
-0.29 15.37
-0.29 15.45
-0.29 15.52
-0.28 15.60
-0.28 15.67
-0.27 15.75
-0.26 15.83
-0.25 15.91
-0.24 16.00
-0.23 16.10
-0.21 16.21
-0.20 16.32
-0.18 16.44
-0.17 16.58
-0.16 16.72
-0.15 16.86
-0.15 16.99
-0.15 17.10
-0.15 17.17
-0.15 17.18
-0.15 17.16
-0.15 17.12
-0.15 17.06
-0.15 16.98
-0.15 16.91
-0.15 16.84
-0.15 16.78
-0.15 16.74
-0.15 16.72
-0.15 16.72
-0.15 16.75
-0.15 16.80
-0.15 16.87
-0.14 16.97
-0.14 17.09
-0.13 17.20
-0.12 17.31
-0.10 17.41
-0.08 17.50
-0.06 17.56
-0.04 17.60
-0.02 17.61
0.00 17.60
0.02 17.58
0.03 17.53
0.04 17.47
0.04 17.41
0.04 17.34
0.04 17.29
0.04 17.23
0.03 17.19
0.03 17.16
0.03 17.14
0.04 17.15
0.04 17.16
0.04 17.19
0.04 17.22
0.04 17.26
0.04 17.30
0.04 17.34
0.04 17.36
0.04 17.38
0.04 17.38
0.04 17.38
0.04 17.38
0.04 17.38
0.04 17.36
0.04 17.35
0.04 17.32
0.04 17.28
0.03 17.24
0.04 17.19
0.05 17.14
0.07 17.08
0.08 17.03
0.10 16.97
0.12 16.92
0.14 16.87
0.17 16.83
0.18 16.80
0.20 16.76
0.21 16.74
0.21 16.71
0.21 16.69
0.21 16.68
0.21 16.65
0.21 16.64
0.21 16.62
0.21 16.58
0.21 16.54
0.21 16.50
0.21 16.45
0.21 16.39
0.21 16.33
0.21 16.27
0.21 16.20
0.21 16.14
0.21 16.07
0.21 16.00
0.21 15.94
0.21 15.88
0.22 15.81
0.22 15.75
0.23 15.69
0.24 15.63
0.25 15.57
0.25 15.51
0.26 15.44
0.28 15.37
0.29 15.29
0.30 15.20
0.31 15.10
0.32 15.00
0.32 14.87
0.33 14.74
0.33 14.59
0.34 14.42
0.34 14.25
0.34 14.09
0.35 13.93
0.35 13.80
0.35 13.71
0.35 13.66
0.35 13.63
0.35 13.63
0.35 13.64
0.35 13.66
0.35 13.67
0.35 13.67
0.36 13.66
0.37 13.64
0.38 13.59
0.39 13.49
0.40 13.40
0.42 13.30
0.42 13.17
0.43 13.06
0.44 12.95
0.45 12.85
0.46 12.75
0.46 12.66
0.47 12.57
0.47 12.47
0.47 12.38
0.47 12.28
0.47 12.18
0.47 12.08
0.47 11.95
0.47 11.83
0.47 11.69
0.47 11.51
0.47 11.32
0.47 11.11
0.47 10.90
0.47 10.68
0.47 10.48
0.47 10.30
0.47 10.14
0.47 10.01
0.47 9.88
0.47 9.78
0.47 9.69
0.48 9.60
0.48 9.52
0.48 9.44
0.49 9.37
0.50 9.30
0.50 9.22
0.51 9.15
0.51 9.07
0.52 8.98
0.52 8.88
0.53 8.77
0.53 8.64
0.53 8.49
0.53 8.32
0.53 8.13
0.53 7.92
0.53 7.71
0.53 7.51
0.53 7.31
0.53 7.13
0.53 6.97
0.53 6.84
0.53 6.73
0.53 6.65
0.53 6.59
0.53 6.52
0.53 6.46
0.53 6.41
0.53 6.35
0.53 6.30
0.53 6.24
0.53 6.18
0.53 6.11
0.53 6.04
0.53 5.96
0.53 5.86
0.53 5.76
0.53 5.65
0.53 5.53
0.53 5.38
0.53 5.21
0.53 5.02
0.53 4.81
0.53 4.61
0.53 4.40
0.53 4.20
0.53 4.02
0.53 3.86
0.53 3.72
0.52 3.60
0.51 3.49
0.50 3.39
0.49 3.31
0.47 3.23
0.46 3.16
0.44 3.09
0.42 3.03
0.40 2.97
0.38 2.90
0.36 2.84
0.35 2.77
0.34 2.69
0.33 2.62
0.32 2.52
0.31 2.42
0.31 2.31
0.31 2.20
0.31 2.06
0.30 1.91
0.30 1.76
0.29 1.61
0.29 1.47
0.27 1.35
0.26 1.28
0.24 1.27
0.22 1.27
0.20 1.31
0.17 1.37
0.15 1.45
0.13 1.52
0.10 1.59
0.07 1.66
0.05 1.70
0.02 1.72
0.00 1.72
-0.01 1.69
-0.04 1.65
-0.06 1.59
-0.06 1.52
-0.07 1.46
-0.07 1.39
-0.07 1.31
-0.07 1.25
-0.08 1.19
-0.08 1.17
-0.08 1.17
-0.08 1.20
-0.08 1.26
-0.08 1.33
-0.07 1.42
-0.07 1.52
-0.08 1.63
-0.09 1.74
-0.11 1.85
-0.13 1.95
-0.15 2.03
-0.18 2.11
-0.22 2.17
-0.25 2.22
-0.29 2.25
-0.33 2.27
-0.38 2.29
-0.41 2.31
-0.44 2.33
-0.46 2.34
-0.46 2.36
-0.46 2.40
-0.46 2.44
-0.45 2.49
-0.44 2.56
-0.44 2.64
-0.43 2.72
-0.42 2.81
-0.42 2.89
-0.42 2.97
-0.42 3.06
-0.42 3.14
-0.42 3.23
-0.42 3.32
-0.42 3.43
-0.42 3.55
-0.42 3.68
-0.42 3.83
-0.42 3.99
-0.42 4.18
-0.42 4.39
-0.43 4.61
-0.43 4.84
-0.44 5.05
-0.45 5.24
-0.46 5.40
-0.47 5.55
-0.49 5.67
-0.50 5.78
-0.52 5.89
-0.53 5.98
-0.54 6.07
-0.55 6.16
-0.56 6.24
-0.57 6.34
-0.57 6.43
-0.57 6.53
-0.57 6.65
-0.57 6.77
-0.57 6.92
-0.57 7.07
-0.57 7.26
-0.57 7.47
-0.57 7.67
-0.57 7.91
-0.57 8.12
-0.57 8.31
-0.57 8.49
-0.57 8.63
-0.57 8.75
-0.57 8.84
-0.57 8.94
-0.57 9.02
-0.57 9.09
-0.57 9.15
-0.56 9.21
-0.56 9.27
-0.55 9.33
-0.54 9.39
-0.53 9.46
-0.52 9.52
-0.52 9.60
-0.51 9.68
-0.50 9.78
-0.49 9.89
-0.48 10.01
-0.47 10.16
-0.47 10.32
-0.47 10.50
-0.46 10.71
-0.47 10.92
-0.47 11.14
-0.47 11.34
-0.47 11.51
-0.47 11.67
-0.47 11.80
-0.46 11.91
-0.46 12.00
-0.46 12.09
-0.46 12.16
-0.46 12.23
-0.46 12.29
-0.46 12.35
-0.46 12.41
-0.46 12.47
-0.45 12.53
-0.45 12.60
-0.44 12.67
-0.43 12.74
-0.42 12.83
-0.42 12.92
-0.40 13.03
-0.40 13.16
-0.38 13.28
-0.37 13.45
-0.37 13.62
-0.36 13.81
-0.35 14.00
-0.35 14.20
-0.35 14.37
-0.35 14.53
-0.35 14.65
-0.35 14.73
-0.35 14.79
-0.35 14.80
-0.35 14.80
-0.35 14.81
-0.35 14.80
-0.35 14.79
-0.35 14.78
-0.35 14.79
-0.34 14.79
-0.34 14.80
-0.33 14.83
-0.33 14.89
-0.32 14.96
-0.31 15.03
-0.30 15.11
-0.28 15.19
-0.27 15.28
-0.26 15.37
-0.25 15.44
-0.23 15.52
-0.22 15.60
-0.22 15.67
-0.21 15.75
-0.21 15.83
-0.20 15.91
-0.21 16.00
-0.21 16.10
-0.21 16.21
-0.21 16.33
-0.21 16.45
-0.21 16.58
-0.21 16.72
-0.21 16.86
-0.20 16.98
-0.20 17.09
-0.20 17.17
-0.20 17.19
-0.19 17.18
-0.19 17.14
-0.18 17.08
-0.17 17.00
-0.16 16.92
-0.15 16.85
-0.14 16.79
-0.13 16.74
-0.12 16.72
-0.11 16.72
-0.09 16.74
-0.08 16.79
-0.08 16.86
-0.07 16.96
-0.07 17.07
-0.07 17.19
-0.07 17.30
-0.07 17.40
-0.07 17.50
-0.07 17.57
-0.07 17.60
-0.07 17.61
-0.07 17.61
-0.07 17.58
-0.07 17.53
-0.07 17.47
-0.07 17.41
-0.06 17.34
-0.06 17.28
-0.04 17.23
-0.03 17.19
-0.02 17.15
0.00 17.14
0.02 17.14
0.04 17.15
0.05 17.18
0.07 17.21
0.08 17.26
0.09 17.29
0.10 17.33
0.10 17.35
0.10 17.37
0.10 17.37
0.10 17.37
0.10 17.37
0.10 17.37
0.10 17.36
0.10 17.34
0.10 17.31
0.10 17.27
0.10 17.23
0.10 17.18
0.10 17.12
0.10 17.06
0.10 17.01
0.10 16.96
0.10 16.90
0.10 16.85
0.10 16.81
0.10 16.78
0.10 16.74
0.11 16.72
0.12 16.70
0.13 16.68
0.15 16.67
0.16 16.65
0.18 16.64
0.20 16.62
0.22 16.60
0.23 16.56
0.24 16.52
0.25 16.47
0.25 16.42
0.25 16.36
0.25 16.29
0.25 16.22
0.25 16.16
0.26 16.09
0.26 16.01
0.26 15.95
0.26 15.88
0.26 15.81
0.26 15.74
0.26 15.68
0.26 15.61
0.26 15.54
0.26 15.47
0.26 15.40
0.26 15.32
0.26 15.23
0.26 15.14
0.27 15.04
0.28 14.92
0.29 14.79
0.30 14.66
0.31 14.50
0.32 14.34
0.33 14.19
0.35 14.06
0.35 13.93
0.35 13.83
0.36 13.77
0.36 13.75
0.36 13.74
0.37 13.74
0.37 13.75
0.37 13.76
0.38 13.76
0.38 13.74
0.38 13.71
0.38 13.66
0.39 13.58
0.39 13.47
0.39 13.35
0.39 13.24
0.40 13.13
0.40 13.02
0.41 12.91
0.42 12.82
0.42 12.72
0.43 12.63
0.44 12.54
0.44 12.45
0.45 12.36
0.46 12.27
0.46 12.16
0.47 12.05
0.47 11.93
0.47 11.80
0.47 11.64
0.47 11.46
0.47 11.26
0.47 11.05
0.47 10.83
0.47 10.62
0.47 10.42
0.47 10.25
0.47 10.10
0.47 9.96
0.47 9.85
0.48 9.75
0.48 9.66
0.48 9.58
0.49 9.50
0.50 9.43
0.50 9.36
0.51 9.29
0.52 9.22
0.52 9.15
0.53 9.08
0.53 8.99
0.54 8.89
0.54 8.78
0.54 8.65
0.54 8.49
0.54 8.32
0.54 8.13
0.54 7.92
0.54 7.71
0.54 7.50
0.54 7.31
0.54 7.13
0.54 6.99
0.54 6.86
0.54 6.76
0.54 6.68
0.54 6.61
0.54 6.55
0.54 6.48
0.54 6.43
0.54 6.37
0.54 6.31
0.54 6.25
0.54 6.18
0.54 6.11
0.54 6.03
0.54 5.95
0.54 5.86
0.54 5.75
0.54 5.63
0.54 5.51
0.54 5.36
0.54 5.18
0.54 4.98
0.54 4.77
0.54 4.56
0.54 4.35
0.54 4.15
0.53 3.98
0.52 3.82
0.51 3.68
0.50 3.56
0.49 3.46
0.47 3.36
0.46 3.28
0.44 3.20
0.43 3.12
0.41 3.05
0.39 2.99
0.38 2.91
0.37 2.84
0.36 2.76
0.35 2.67
0.35 2.58
0.34 2.48
0.34 2.37
0.33 2.25
0.33 2.12
0.33 1.98
0.33 1.83
0.32 1.68
0.31 1.56
0.30 1.48
0.28 1.42
0.26 1.39
0.24 1.39
0.22 1.41
0.19 1.45
0.16 1.49
0.13 1.55
0.11 1.60
0.08 1.64
0.06 1.67
0.04 1.69
0.01 1.68
-0.00 1.66
-0.01 1.62
-0.02 1.57
-0.03 1.51
-0.03 1.45
-0.03 1.39
-0.03 1.32
-0.03 1.27
-0.03 1.22
-0.03 1.20
-0.03 1.19
-0.03 1.21
-0.03 1.25
-0.03 1.30
-0.04 1.36
-0.04 1.44
-0.06 1.52
-0.09 1.61
-0.11 1.69
-0.14 1.76
-0.17 1.85
-0.20 1.91
-0.23 1.97
-0.27 2.02
-0.32 2.06
-0.35 2.09
-0.38 2.12
-0.40 2.14
-0.41 2.17
-0.42 2.21
-0.42 2.24
-0.42 2.28
-0.41 2.34
-0.41 2.40
-0.40 2.48
-0.40 2.55
-0.40 2.65
-0.40 2.74
-0.40 2.83
-0.40 2.91
-0.40 3.00
-0.40 3.08
-0.40 3.17
-0.40 3.25
-0.40 3.36
-0.40 3.46
-0.40 3.58
-0.40 3.72
-0.41 3.87
-0.41 4.05
-0.41 4.24
-0.42 4.46
-0.43 4.68
-0.44 4.90
-0.46 5.10
-0.48 5.28
-0.50 5.43
-0.51 5.57
-0.53 5.68
-0.54 5.78
-0.56 5.88
-0.57 5.96
-0.58 6.04
-0.58 6.13
-0.58 6.20
-0.58 6.28
-0.58 6.36
-0.58 6.45
-0.58 6.55
-0.58 6.65
-0.58 6.77
-0.58 6.91
-0.58 7.06
-0.58 7.24
-0.58 7.44
-0.58 7.66
-0.58 7.88
-0.58 8.08
-0.57 8.28
-0.57 8.45
-0.56 8.60
-0.55 8.72
-0.54 8.82
-0.54 8.91
-0.53 9.00
-0.52 9.06
-0.52 9.12
-0.51 9.18
-0.51 9.24
-0.51 9.29
-0.50 9.35
-0.50 9.41
-0.50 9.48
-0.50 9.55
-0.50 9.63
-0.50 9.72
-0.50 9.83
-0.50 9.96
-0.50 10.09
-0.50 10.26
-0.50 10.44
-0.50 10.64
-0.50 10.87
-0.50 11.09
-0.50 11.30
-0.49 11.49
-0.48 11.65
-0.47 11.80
-0.46 11.91
-0.45 12.01
-0.44 12.10
-0.43 12.18
-0.42 12.26
-0.41 12.33
-0.41 12.40
-0.41 12.47
-0.41 12.54
-0.41 12.60
-0.41 12.68
-0.41 12.75
-0.41 12.84
-0.41 12.93
-0.41 13.03
-0.41 13.16
-0.41 13.29
-0.41 13.44
-0.41 13.60
-0.40 13.78
-0.40 13.95
-0.40 14.14
-0.40 14.31
-0.39 14.45
-0.38 14.56
-0.37 14.63
-0.36 14.67
-0.35 14.68
-0.34 14.67
-0.33 14.66
-0.32 14.64
-0.31 14.63
-0.31 14.62
-0.30 14.63
-0.30 14.66
-0.30 14.70
-0.30 14.77
-0.30 14.85
-0.30 14.95
-0.30 15.05
-0.30 15.13
-0.30 15.23
-0.30 15.33
-0.29 15.41
-0.29 15.49
-0.29 15.57
-0.29 15.65
-0.28 15.72
-0.27 15.79
-0.26 15.87
-0.25 15.94
-0.23 16.03
-0.22 16.13
-0.21 16.23
-0.19 16.33
-0.18 16.44
-0.17 16.56
-0.17 16.68
-0.16 16.80
-0.16 16.90
-0.16 16.98
-0.16 17.03
-0.16 17.03
-0.16 17.02
-0.16 16.98
-0.16 16.94
-0.16 16.89
-0.16 16.84
-0.16 16.80
-0.16 16.77
-0.16 16.76
-0.16 16.76
-0.16 16.77
-0.16 16.80
-0.15 16.85
-0.15 16.91
-0.14 16.98
-0.13 17.07
-0.11 17.16
-0.10 17.25
-0.08 17.33
-0.06 17.40
-0.05 17.45
-0.03 17.49
-0.01 17.51
0.00 17.51
0.01 17.50
0.01 17.49
0.02 17.46
0.02 17.43
0.01 17.40
0.01 17.37
0.01 17.34
0.01 17.32
0.01 17.30
0.01 17.30
0.01 17.29
0.01 17.29
0.01 17.29
0.01 17.29
0.01 17.29
0.01 17.29
0.01 17.29
0.01 17.29
0.01 17.29
0.01 17.29
0.01 17.29
0.01 17.29
0.02 17.29
0.03 17.29
0.04 17.29
0.06 17.29
0.08 17.28
0.10 17.26
0.12 17.24
0.14 17.21
0.15 17.17
0.16 17.12
0.17 17.07
0.17 17.01
0.17 16.96
0.17 16.90
0.17 16.84
0.17 16.79
0.17 16.74
0.17 16.70
0.17 16.66
0.17 16.63
0.17 16.60
0.18 16.57
0.17 16.55
0.17 16.53
0.17 16.50
0.17 16.47
0.17 16.44
0.18 16.41
0.18 16.38
0.18 16.33
0.19 16.28
0.19 16.22
0.19 16.15
0.20 16.09
0.21 16.02
0.23 15.95
0.24 15.89
0.25 15.82
0.27 15.75
0.28 15.68
0.29 15.62
0.30 15.55
0.31 15.48
0.31 15.40
0.31 15.32
0.31 15.23
0.31 15.14
0.31 15.03
0.31 14.91
0.31 14.78
0.31 14.64
0.31 14.48
0.31 14.32
0.31 14.16
0.31 14.02
0.32 13.89
0.32 13.80
0.32 13.75
0.33 13.73
0.34 13.73
0.35 13.73
0.36 13.74
0.37 13.75
0.38 13.74
0.39 13.73
0.40 13.70
0.41 13.65
0.41 13.58
0.40 13.49
0.41 13.36
0.42 13.25
0.43 13.14
0.43 13.02
0.43 12.91
0.43 12.82
0.43 12.72
0.43 12.64
0.43 12.55
0.43 12.45
0.44 12.36
0.44 12.27
0.44 12.17
0.44 12.05
0.44 11.92
0.44 11.80
0.45 11.64
0.45 11.46
0.46 11.26
0.46 11.05
0.47 10.83
0.48 10.62
0.48 10.42
0.49 10.25
0.50 10.10
0.50 9.96
0.51 9.85
0.51 9.75
0.51 9.65
0.51 9.57
0.51 9.50
0.51 9.42
0.51 9.35
0.51 9.28
0.51 9.21
0.51 9.14
0.51 9.06
0.51 8.96
0.51 8.86
0.51 8.75
0.51 8.60
0.51 8.44
0.51 8.27
0.51 8.07
0.51 7.85
0.51 7.64
0.51 7.44
0.51 7.24
0.51 7.09
0.51 6.95
0.52 6.83
0.51 6.73
0.52 6.66
0.51 6.59
0.52 6.52
0.52 6.46
0.52 6.41
0.52 6.35
0.52 6.30
0.52 6.25
0.52 6.18
0.52 6.12
0.52 6.04
0.52 5.97
0.52 5.88
0.52 5.77
0.52 5.66
0.52 5.55
0.52 5.40
0.52 5.23
0.52 5.04
0.52 4.83
0.52 4.62
0.52 4.40
0.52 4.20
0.52 4.01
0.52 3.84
0.52 3.70
0.52 3.57
0.52 3.46
0.51 3.37
0.51 3.28
0.51 3.20
0.50 3.12
0.50 3.05
0.48 2.98
0.47 2.91
0.46 2.83
0.44 2.75
0.42 2.67
0.39 2.58
0.37 2.48
0.35 2.36
0.32 2.25
0.30 2.11
0.29 1.97
0.27 1.82
0.25 1.67
0.24 1.54
0.23 1.44
0.22 1.37
0.22 1.33
0.22 1.33
0.21 1.37
0.21 1.42
0.20 1.48
0.19 1.56
0.18 1.62
0.16 1.68
0.14 1.71
0.13 1.73
0.12 1.72
0.10 1.69
0.07 1.65
0.05 1.58
0.02 1.50
-0.00 1.43
-0.03 1.35
-0.06 1.28
-0.09 1.21
-0.11 1.15
-0.15 1.13
-0.17 1.13
-0.17 1.16
-0.17 1.22
-0.16 1.29
-0.16 1.36
-0.15 1.46
-0.15 1.56
-0.15 1.66
-0.15 1.75
-0.15 1.84
-0.15 1.92
-0.15 1.98
-0.15 2.03
-0.15 2.06
-0.15 2.09
-0.16 2.11
-0.17 2.13
-0.19 2.13
-0.22 2.15
-0.25 2.16
-0.29 2.18
-0.33 2.21
-0.37 2.26
-0.43 2.33
-0.47 2.41
-0.50 2.50
-0.53 2.59
-0.54 2.70
-0.54 2.79
-0.54 2.88
-0.53 2.96
-0.51 3.05
-0.49 3.14
-0.47 3.22
-0.45 3.32
-0.43 3.42
-0.42 3.54
-0.41 3.67
-0.41 3.82
-0.41 3.99
-0.41 4.18
-0.42 4.39
-0.42 4.61
-0.42 4.84
-0.43 5.05
-0.44 5.24
-0.45 5.40
-0.46 5.54
-0.47 5.66
-0.49 5.77
-0.50 5.87
-0.51 5.96
-0.52 6.04
-0.54 6.13
-0.54 6.21
-0.55 0.01
-0.56 6.37
-0.56 6.48
-0.56 6.59
-0.56 6.71
-0.56 6.84
-0.56 7.00
-0.56 7.18
-0.56 7.40
-0.56 7.62
-0.56 7.85
-0.56 8.08
-0.56 8.29
-0.56 8.48
-0.56 8.63
-0.56 8.77
-0.56 8.89
-0.56 9.00
-0.56 9.09
-0.56 9.17
-0.56 9.25
-0.56 9.31
-0.56 9.38
-0.56 9.45
-0.56 9.52
-0.55 9.59
-0.55 9.67
-0.54 9.75
-0.54 9.86
-0.53 9.98
-0.52 10.10
-0.51 10.25
-0.50 10.41
-0.49 10.60
-0.48 10.80
-0.47 11.02
-0.46 11.21
-0.46 11.40
-0.45 11.55
-0.45 11.69
-0.45 11.80
-0.45 11.89
-0.45 11.98
-0.45 12.04
-0.45 12.09
-0.45 12.13
-0.45 12.17
-0.45 12.20
-0.45 12.24
-0.45 12.28
-0.45 12.32
-0.45 12.37
-0.45 12.42
-0.45 12.49
-0.45 12.56
-0.45 12.63
-0.44 12.71
-0.44 12.81
-0.43 12.91
-0.42 13.02
-0.41 13.16
-0.39 13.31
-0.38 13.49
-0.37 13.68
-0.35 13.88
-0.34 14.10
-0.33 14.31
-0.32 14.50
-0.32 14.65
-0.31 14.78
-0.32 14.87
-0.31 14.93
-0.31 14.95
-0.32 14.96
-0.32 14.95
-0.32 14.94
-0.32 14.94
-0.32 14.94
-0.32 14.94
-0.32 14.94
-0.32 14.97
-0.32 15.01
-0.32 15.06
-0.32 15.11
-0.31 15.18
-0.31 15.26
-0.31 15.34
-0.31 15.42
-0.30 15.49
-0.29 15.57
-0.28 15.64
-0.26 15.71
-0.25 15.79
-0.23 15.87
-0.22 15.95
-0.21 16.04
-0.19 16.15
-0.18 16.27
-0.17 16.38
-0.17 16.51
-0.16 16.65
-0.16 16.79
-0.17 16.92
-0.17 17.03
-0.17 17.13
-0.17 17.18
-0.17 17.18
-0.17 17.15
-0.17 17.09
-0.17 17.02
-0.17 16.94
-0.17 16.86
-0.16 16.79
-0.16 16.74
-0.16 16.71
-0.16 16.70
-0.16 16.72
-0.15 16.77
-0.15 16.84
-0.14 16.92
-0.12 17.03
-0.11 17.14
-0.10 17.26
-0.08 17.36
-0.06 17.46
-0.04 17.54
-0.03 17.59
-0.01 17.61
0.00 17.61
0.01 17.59
0.01 17.55
0.01 17.50
0.01 17.44
0.00 17.37
-0.00 17.31
-0.00 17.26
0.00 17.21
0.00 17.17
0.00 17.15
0.00 17.15
0.00 17.17
0.00 17.19
0.00 17.22
0.00 17.25
0.00 17.29
0.00 17.31
0.00 17.33
0.01 17.35
0.01 17.35
0.02 17.35
0.03 17.35
0.04 17.35
0.06 17.35
0.08 17.34
0.09 17.33
0.11 17.31
0.13 17.28
0.14 17.25
0.15 17.21
0.15 17.16
0.15 17.11
0.15 17.05
0.15 16.99
0.15 16.93
0.15 16.88
0.15 16.83
0.15 16.79
0.15 16.75
0.15 16.71
0.15 16.69
0.15 16.66
0.15 16.64
0.15 16.62
0.15 16.60
0.15 16.57
0.16 16.53
0.16 16.49
0.16 16.45
0.17 16.41
0.18 16.35
0.19 16.29
0.20 16.23
0.22 16.17
0.24 16.10
0.26 16.04
0.27 15.97
0.28 15.91
0.29 15.85
0.30 15.79
0.30 15.73
0.30 15.66
0.30 15.60
0.30 15.54
0.30 15.47
0.31 15.40
0.31 15.32
0.31 15.23
0.31 15.14
0.31 15.04
0.31 14.92
0.31 14.79
0.31 14.65
0.31 14.49
0.31 14.33
0.31 14.16
0.31 14.01
0.31 13.87
0.32 13.76
0.33 13.70
0.34 13.68
0.35 13.68
0.35 13.70
0.36 13.73
0.37 13.75
0.38 13.76
0.39 13.75
0.40 13.73
0.40 13.68
0.40 13.60
0.40 13.49
0.41 13.38
0.42 13.27
0.42 13.15
0.42 13.03
0.43 12.92
0.43 12.82
0.43 12.72
0.43 12.62
0.43 12.53
0.43 12.43
0.43 12.34
0.43 12.25
0.43 12.14
0.43 12.02
0.44 11.90
0.44 11.77
0.44 11.60
0.45 11.42
0.46 11.21
0.47 10.99
0.48 10.78
0.48 10.57
0.49 10.38
0.50 10.21
0.51 10.07
0.51 9.94
0.52 9.83
0.52 9.73
0.52 9.64
0.52 9.56
0.52 9.48
0.52 9.42
0.52 9.35
0.52 9.29
0.52 9.21
0.52 9.15
0.52 9.07
0.52 8.98
0.52 8.89
0.52 8.77
0.52 8.64
0.52 8.49
0.52 8.32
0.52 8.13
0.52 7.92
0.52 7.71
0.52 7.50
0.52 7.31
0.52 7.14
0.52 7.00
0.52 6.87
0.52 6.77
0.52 6.70
0.52 6.63
0.52 6.56
0.52 6.50
0.52 6.44
0.52 6.38
0.52 6.32
0.52 6.26
0.52 6.20
0.52 6.12
0.52 6.05
0.52 5.97
0.52 5.86
0.52 5.75
0.52 5.64
0.52 5.51
0.52 5.35
0.52 5.17
0.52 4.97
0.52 4.76
0.52 4.54
0.52 4.32
0.52 4.12
0.52 3.94
0.52 3.79
0.52 3.65
0.52 3.53
0.52 3.42
0.51 3.32
0.51 3.24
0.50 3.16
0.49 3.09
0.48 3.02
0.46 2.95
0.45 2.87
0.43 2.80
0.40 2.72
0.38 2.64
0.36 2.54
0.34 2.44
0.32 2.33
0.30 2.21
0.29 2.08
0.28 1.93
0.27 1.78
0.26 1.63
0.25 1.52
0.25 1.43
0.25 1.36
0.25 1.33
0.25 1.34
0.24 1.38
0.23 1.44
0.21 1.51
0.19 1.58
0.17 1.65
0.15 1.70
0.13 1.73
0.11 1.73
0.09 1.72
0.06 1.68
0.04 1.62
0.01 1.55
-0.01 1.47
-0.04 1.39
-0.06 1.31
-0.09 1.24
-0.12 1.18
-0.13 1.14
-0.13 1.14
-0.13 1.15
-0.13 1.19
-0.13 1.25
-0.12 1.32
-0.13 1.41
-0.13 1.50
-0.13 1.60
-0.13 1.69
-0.13 1.77
-0.13 1.85
-0.12 1.91
-0.13 1.97
-0.14 2.01
-0.15 2.05
-0.17 2.07
-0.19 2.09
-0.22 2.11
-0.25 2.14
-0.28 2.16
-0.32 2.19
-0.37 2.24
-0.41 2.29
-0.43 2.36
-0.46 2.43
-0.48 2.51
-0.49 2.60
-0.49 2.69
-0.49 2.78
-0.48 2.86
-0.47 2.94
-0.47 3.03
-0.46 3.10
-0.45 3.19
-0.45 3.28
-0.45 3.37
-0.45 3.48
-0.45 3.61
-0.45 3.75
-0.45 3.90
-0.45 4.08
-0.45 4.28
-0.45 4.50
-0.45 4.72
-0.45 4.93
-0.45 5.13
-0.45 5.30
-0.45 5.45
-0.45 5.58
-0.46 5.69
-0.46 5.79
-0.47 5.89
-0.47 5.97
-0.48 6.05
-0.49 6.13
-0.50 6.20
-0.51 6.28
-0.52 6.35
-0.53 6.44
-0.53 6.54
-0.54 6.64
-0.54 6.76
-0.55 6.90
-0.55 7.04
-0.55 7.22
-0.55 7.42
-0.55 7.63
-0.55 7.86
-0.55 8.06
-0.55 8.27
-0.55 8.44
-0.55 8.60
-0.55 8.72
-0.55 8.83
-0.55 8.94
-0.55 9.03
-0.55 9.10
-0.55 9.17
-0.55 9.24
-0.55 9.30
-0.55 9.36
-0.55 9.43
-0.55 9.50
-0.55 9.57
-0.55 9.65
-0.55 9.74
-0.55 9.86
-0.55 9.98
-0.54 10.11
-0.54 10.27
-0.54 10.44
-0.54 10.64
-0.53 10.85
-0.52 11.07
-0.51 11.28
-0.50 11.46
-0.48 11.61
-0.47 11.75
-0.46 11.87
-0.44 11.95
-0.43 12.03
-0.43 12.10
-0.42 12.16
-0.42 12.21
-0.42 12.26
-0.42 12.32
-0.42 12.37
-0.42 12.42
-0.42 12.48
-0.42 12.54
-0.42 12.61
-0.42 12.68
-0.42 12.76
-0.42 12.85
-0.42 12.95
-0.42 13.07
-0.42 13.21
-0.42 13.36
-0.42 13.54
-0.41 13.72
-0.41 13.92
-0.40 14.13
-0.39 14.32
-0.38 14.50
-0.37 14.65
-0.36 14.77
-0.34 14.84
-0.33 14.89
-0.32 14.92
-0.31 14.94
-0.30 14.94
-0.30 14.94
-0.29 14.93
-0.29 14.94
-0.29 14.94
-0.29 14.94
-0.29 14.97
-0.29 15.00
-0.29 15.05
-0.29 15.10
-0.29 15.17
-0.29 15.24
-0.29 15.32
-0.29 15.40
-0.29 15.47
-0.29 15.54
-0.28 15.61
-0.28 15.69
-0.27 15.76
-0.26 15.84
-0.25 15.93
-0.23 16.01
-0.22 16.11
-0.21 16.23
-0.19 16.34
-0.18 16.46
-0.17 16.59
-0.16 16.73
-0.15 16.86
-0.15 16.99
-0.15 17.09
-0.15 17.15
-0.15 17.15
-0.15 17.13
-0.15 17.09
-0.15 17.02
-0.15 16.95
-0.15 16.88
-0.15 16.82
-0.15 16.77
-0.15 16.74
-0.15 16.74
-0.15 16.76
-0.15 16.80
-0.15 16.87
-0.15 16.95
-0.14 17.05
-0.13 17.17
-0.12 17.28
-0.11 17.37
-0.09 17.46
-0.07 17.53
-0.05 17.57
-0.03 17.58
-0.01 17.58
0.00 17.56
0.02 17.52
0.03 17.48
0.03 17.42
0.03 17.37
0.03 17.32
0.03 17.27
0.03 17.23
0.03 17.20
0.03 17.19
0.03 17.18
0.03 17.19
0.03 17.20
0.03 17.22
0.03 17.25
0.03 17.27
0.03 17.29
0.03 17.30
0.03 17.31
0.03 17.31
0.03 17.31
0.03 17.31
0.03 17.31
0.03 17.31
0.03 17.31
0.02 17.31
0.03 17.30
0.04 17.29
0.06 17.28
0.07 17.25
0.09 17.21
0.11 17.16
0.13 17.11
0.15 17.05
0.17 16.98
0.18 16.92
0.19 16.85
0.20 16.79
0.20 16.73
0.20 16.68
0.20 16.63
0.20 16.59
0.20 16.56
0.20 16.53
0.20 16.50
0.20 16.47
0.20 16.45
0.20 16.43
0.20 16.40
0.20 16.37
0.20 16.33
0.20 16.30
0.20 16.25
0.20 16.20
0.21 16.15
0.21 16.09
0.21 16.03
0.21 15.96
0.22 15.90
0.23 15.84
0.23 15.78
0.24 15.71
0.25 15.65
0.26 15.58
0.27 15.51
0.28 15.44
0.29 15.36
0.30 15.27
0.31 15.18
0.32 15.07
0.32 14.95
0.33 14.82
0.33 14.68
0.33 14.51
0.33 14.34
0.33 14.17
0.33 14.03
0.33 13.88
0.33 13.75
0.33 13.68
0.33 13.66
0.33 13.66
0.34 13.66
0.34 13.69
0.35 13.71
0.36 13.72
0.37 13.72
0.39 13.71
0.40 13.67
0.42 13.60
0.42 13.51
0.42 13.39
0.42 13.27
0.43 13.14
0.44 13.01
0.45 12.90
0.45 12.80
0.45 12.70
0.45 12.60
0.45 12.51
0.45 12.41
0.45 12.31
0.45 12.22
0.45 12.12
0.45 11.99
0.45 11.87
0.45 11.72
0.45 11.55
0.45 11.37
0.45 11.16
0.46 10.94
0.46 10.73
0.46 10.53
0.47 10.34
0.47 10.18
0.47 10.04
0.48 9.92
0.48 9.82
0.49 9.72
0.49 9.65
0.50 9.58
0.50 9.51
0.50 9.45
0.50 9.40
0.51 9.33
0.51 9.27
0.51 9.21
0.52 9.13
0.52 9.05
0.52 8.96
0.52 8.86
0.52 8.73
0.52 8.58
0.52 8.42
0.52 8.24
0.52 8.03
0.52 7.81
0.52 7.59
0.52 7.38
0.52 7.19
0.52 7.02
0.52 6.86
0.52 6.75
0.52 6.66
0.52 6.58
0.52 6.50
0.52 6.42
0.52 6.35
0.52 6.29
0.52 6.21
0.52 6.14
0.52 6.07
0.52 5.99
0.52 5.90
0.52 5.80
0.52 5.68
0.52 5.57
0.52 5.44
0.52 5.28
0.52 5.10
0.52 4.89
0.52 4.69
0.52 4.47
0.52 4.27
0.52 4.09
0.52 3.92
0.52 3.78
0.52 3.66
0.52 3.54
0.52 3.45
0.52 3.38
0.52 3.31
0.51 3.25
0.51 3.19
0.50 3.14
0.49 3.09
0.47 3.04
0.46 2.99
0.44 2.94
0.42 2.87
0.39 2.81
0.37 2.74
0.35 2.66
0.33 2.57
0.31 2.47
0.29 2.36
0.28 2.23
0.27 2.09
0.25 1.93
0.25 1.76
0.24 1.59
0.23 1.43
0.23 1.29
0.23 1.18
0.23 1.14
0.22 1.15
0.21 1.19
0.20 1.27
0.19 1.37
0.17 1.47
0.14 1.57
0.12 1.66
0.10 1.72
0.07 1.77
0.04 1.79
0.02 1.78
-0.01 1.74
-0.04 1.67
-0.07 1.58
-0.10 1.48
-0.13 1.39
-0.15 1.28
-0.16 1.19
-0.15 1.11
-0.15 1.07
-0.14 1.08
-0.13 1.11
-0.13 1.18
-0.13 1.28
-0.13 1.39
-0.13 1.52
-0.13 1.65
-0.13 1.77
-0.12 1.90
-0.13 2.01
-0.13 2.11
-0.15 2.19
-0.16 2.25
-0.19 2.30
-0.21 2.33
-0.24 2.36
-0.27 2.38
-0.31 2.39
-0.35 2.41
-0.40 2.42
-0.42 2.45
-0.45 2.47
-0.48 2.51
-0.49 2.56
-0.50 2.62
-0.50 2.70
-0.49 2.78
-0.48 2.86
-0.48 2.94
-0.47 3.03
-0.46 3.11
-0.46 3.19
-0.45 3.29
-0.45 3.38
-0.45 3.50
-0.45 3.63
-0.45 3.77
-0.45 3.93
-0.45 4.12
-0.45 4.32
-0.45 4.54
-0.45 4.77
-0.45 4.99
-0.45 5.18
-0.45 5.35
-0.45 5.51
-0.46 5.63
-0.46 5.74
-0.46 5.85
-0.46 5.94
-0.47 6.03
-0.48 6.12
-0.48 6.20
-0.49 6.28
-0.50 6.37
-0.51 6.47
-0.52 6.58
-0.53 6.68
-0.54 6.80
-0.54 6.95
-0.55 7.12
-0.55 7.31
-0.55 7.52
-0.55 7.74
-0.55 7.96
-0.55 8.16
-0.55 8.36
-0.55 8.52
-0.55 8.66
-0.55 8.77
-0.55 8.87
-0.55 8.97
-0.55 9.05
-0.55 9.12
-0.55 9.19
-0.55 9.25
-0.55 9.31
-0.55 9.37
-0.55 9.43
-0.55 9.51
-0.55 9.59
-0.55 9.67
-0.55 9.77
-0.55 9.88
-0.54 10.00
-0.54 10.14
-0.54 10.31
-0.54 10.49
-0.54 10.69
-0.53 10.91
-0.52 11.12
-0.51 11.33
-0.50 11.50
-0.48 11.65
-0.47 11.79
-0.46 11.89
-0.44 11.98
-0.43 12.05
-0.43 12.12
-0.42 12.18
-0.42 12.23
-0.42 12.28
-0.42 12.33
-0.42 12.38
-0.42 12.43
-0.42 12.48
-0.42 12.54
-0.42 12.61
-0.42 12.68
-0.42 12.76
-0.42 12.85
-0.42 12.95
-0.42 13.07
-0.42 13.20
-0.42 13.35
-0.42 13.53
-0.42 13.71
-0.41 13.91
-0.40 14.12
-0.40 14.31
-0.39 14.49
-0.37 14.66
-0.36 14.78
-0.34 14.85
-0.33 14.91
-0.32 14.96
-0.31 14.97
-0.30 14.98
-0.29 14.98
-0.29 14.98
-0.29 14.98
-0.29 14.98
-0.29 14.98
-0.29 14.99
-0.29 15.02
-0.29 15.06
-0.29 15.11
-0.29 15.16
-0.29 15.24
-0.29 15.31
-0.29 15.38
-0.29 15.46
-0.28 15.53
-0.28 15.60
-0.28 15.67
-0.27 15.75
-0.27 15.83
-0.26 15.91
-0.25 15.99
-0.24 16.09
-0.23 16.20
-0.21 16.31
-0.20 16.43
-0.19 16.57
-0.17 16.70
-0.16 16.85
-0.15 16.98
-0.15 17.10
-0.14 17.17
-0.14 17.20
-0.14 17.18
-0.14 17.14
-0.14 17.07
-0.14 16.99
-0.14 16.90
-0.14 16.83
-0.15 16.76
-0.15 16.72
-0.14 16.71
-0.14 16.71
-0.14 16.75
-0.14 16.82
-0.14 16.90
-0.14 17.01
-0.13 17.13
-0.12 17.25
-0.11 17.36
-0.10 17.46
-0.08 17.55
-0.06 17.60
-0.04 17.63
-0.02 17.63
-0.00 17.61
0.02 17.57
0.03 17.51
0.04 17.44
0.04 17.37
0.04 17.30
0.04 17.24
0.04 17.18
0.04 17.14
0.03 17.12
0.04 17.12
0.04 17.13
0.04 17.16
0.04 17.20
0.04 17.24
0.04 17.29
0.04 17.33
0.04 17.36
0.04 17.39
0.04 17.40
0.04 17.40
0.04 17.40
0.04 17.40
0.04 17.38
0.04 17.36
0.04 17.34
0.04 17.30
0.03 17.25
0.04 17.20
0.05 17.15
0.06 17.09
0.08 17.03
0.10 16.97
0.12 16.92
0.14 16.86
0.17 16.82
0.19 16.78
0.20 16.74
0.21 16.72
0.21 16.69
0.22 16.68
0.22 16.66
0.22 16.65
0.22 16.64
0.22 16.62
0.22 16.59
0.22 16.56
0.22 16.52
0.22 16.47
0.22 16.42
0.22 16.36
0.22 16.29
0.22 16.23
0.22 16.16
0.22 16.09
0.22 16.02
0.22 15.95
0.22 15.89
0.22 15.82
0.22 15.76
0.22 15.70
0.22 15.64
0.23 15.58
0.24 15.52
0.25 15.45
0.26 15.38
0.27 15.30
0.28 15.22
0.29 15.13
0.31 15.03
0.32 14.92
0.33 14.80
0.33 14.67
0.34 14.52
0.34 14.37
0.34 14.23
0.35 14.08
0.35 13.96
0.36 13.85
0.36 13.80
0.36 13.77
0.36 13.75
0.36 13.75
0.36 13.75
0.36 13.74
0.36 13.71
0.36 13.68
0.36 13.64
0.37 13.57
0.37 13.46
0.38 13.36
0.39 13.26
0.40 13.14
0.41 13.03
0.42 12.92
0.44 12.83
0.44 12.73
0.45 12.64
0.46 18.84
0.46 12.46
0.46 12.37
0.46 12.27
0.46 12.17
0.46 12.06
0.46 11.93
0.46 11.81
0.46 11.65
0.46 11.47
0.46 11.27
0.46 11.05
0.46 10.83
0.46 10.62
0.47 10.42
0.47 10.25
0.47 10.09
0.47 9.96
0.48 9.85
0.48 9.74
0.48 9.64
0.49 9.56
0.49 9.48
0.50 9.41
0.50 9.33
0.51 9.27
0.51 9.19
0.52 9.12
0.52 9.04
0.52 8.96
0.52 8.86
0.52 8.75
0.52 8.63
0.52 8.48
0.52 8.32
0.52 8.13
0.52 7.94
0.52 7.75
0.53 7.54
0.53 7.34
0.53 7.16
0.53 7.01
0.53 6.87
0.53 6.76
0.53 6.66
0.53 6.59
0.53 6.51
0.53 6.44
0.53 6.38
0.53 6.32
0.53 6.26
0.53 6.19
0.53 6.13
0.53 6.06
0.53 5.99
0.53 5.91
0.53 5.81
0.53 5.70
0.53 5.59
0.53 5.46
0.53 5.30
0.53 5.12
0.53 4.92
0.53 4.72
0.53 4.51
0.53 4.31
0.53 4.12
0.53 3.95
0.53 3.81
0.52 3.68
0.52 3.56
0.52 3.46
0.52 3.38
0.52 3.30
0.51 3.23
0.50 3.17
0.48 3.11
0.47 3.05
0.45 3.00
0.43 2.94
0.40 2.89
0.38 2.82
0.36 2.75
0.34 2.69
0.32 2.61
0.31 2.52
0.29 2.41
0.28 2.30
0.27 2.18
0.27 2.04
0.27 1.89
0.27 1.73
0.26 1.58
0.26 1.44
0.25 1.33
0.25 1.29
0.24 1.28
0.23 1.29
0.21 1.33
0.19 1.39
0.17 1.47
0.15 1.54
0.12 1.60
0.10 1.65
0.07 1.69
0.04 1.70
0.01 1.70
-0.02 1.67
-0.05 1.62
-0.08 1.57
-0.11 1.50
-0.13 1.44
-0.14 1.39
-0.14 1.31
-0.14 1.26
-0.13 1.23
-0.12 1.23
-0.11 1.23
-0.10 1.26
-0.10 1.31
-0.10 1.38
-0.10 1.47
-0.10 1.56
-0.10 1.66
-0.10 1.75
-0.10 1.85
-0.11 1.94
-0.12 2.02
-0.14 2.10
-0.17 2.16
-0.21 2.22
-0.24 2.26
-0.27 2.31
-0.32 2.35
-0.38 2.38
-0.42 2.42
-0.44 2.46
-0.48 2.50
-0.50 2.53
-0.50 2.58
-0.50 2.65
-0.50 2.71
-0.49 2.78
-0.47 2.85
-0.46 2.93
-0.44 3.01
-0.43 3.08
-0.42 3.16
-0.41 3.25
-0.41 3.34
-0.41 3.45
-0.41 3.56
-0.41 3.70
-0.41 3.85
-0.41 4.01
-0.41 4.20
-0.42 4.42
-0.42 4.64
-0.42 4.85
-0.43 5.06
-0.44 5.25
-0.46 5.41
-0.47 5.55
-0.49 5.66
-0.50 5.77
-0.52 5.87
-0.53 5.95
-0.55 6.03
-0.56 6.12
-0.57 6.20
-0.57 6.27
-0.58 6.35
-0.58 6.44
-0.58 6.54
-0.58 6.65
-0.58 6.76
-0.58 6.91
-0.58 7.06
-0.58 7.25
-0.58 7.46
-0.57 7.67
-0.57 7.90
-0.57 8.11
-0.57 8.31
-0.57 8.49
-0.57 8.64
-0.57 8.76
-0.57 8.87
-0.57 8.98
-0.56 9.07
-0.56 9.15
-0.55 9.22
-0.55 9.28
-0.54 9.35
-0.53 9.41
-0.52 9.48
-0.52 9.55
-0.51 9.63
-0.50 9.72
-0.49 9.82
-0.48 9.94
-0.48 10.06
-0.48 10.21
-0.48 10.37
-0.48 10.56
-0.48 10.75
-0.48 10.97
-0.48 11.18
-0.48 11.37
-0.48 11.53
-0.48 11.67
-0.48 11.80
-0.48 11.90
-0.48 11.98
-0.48 12.05
-0.48 12.11
-0.47 12.16
-0.47 12.21
-0.46 12.25
-0.45 12.30
-0.44 12.35
-0.44 12.39
-0.43 12.45
-0.42 12.51
-0.41 6.29
-0.40 12.64
-0.39 12.72
-0.39 12.82
-0.38 12.93
-0.38 13.06
-0.38 13.21
-0.38 13.38
-0.38 13.57
-0.38 13.79
-0.38 14.01
-0.38 14.24
-0.38 14.44
-0.38 14.64
-0.38 14.80
-0.38 14.93
-0.37 15.03
-0.37 15.10
-0.37 15.15
-0.36 15.19
-0.35 15.20
-0.34 15.20
-0.32 15.20
-0.31 15.20
-0.30 15.20
-0.29 15.20
-0.27 15.21
-0.26 15.22
-0.26 15.24
-0.25 15.26
-0.25 15.30
-0.25 15.35
-0.25 15.40
-0.25 15.45
-0.25 15.51
-0.25 15.58
-0.25 15.65
-0.25 15.72
-0.25 15.79
-0.25 15.87
-0.25 15.95
-0.25 16.04
-0.25 16.15
-0.25 16.26
-0.24 16.38
-0.23 16.51
-0.23 16.65
-0.21 16.80
-0.20 16.94
-0.19 17.07
-0.17 17.18
-0.16 17.23
-0.14 17.23
-0.13 17.22
-0.12 17.17
-0.11 17.10
-0.11 17.03
-0.10 16.95
-0.11 16.89
-0.11 16.83
-0.11 16.79
-0.11 16.78
-0.11 16.79
-0.11 16.82
-0.11 16.87
-0.11 16.96
-0.11 17.06
-0.11 17.17
-0.11 17.27
-0.11 17.38
-0.11 17.47
-0.10 17.55
-0.10 17.61
-0.09 17.63
-0.08 17.63
-0.06 17.62
-0.05 17.58
-0.04 17.53
-0.02 17.46
-0.01 17.40
0.01 17.34
0.02 17.28
0.03 17.23
0.04 17.19
0.04 17.17
0.04 17.16
0.04 17.16
0.03 17.18
0.03 17.21
0.03 17.24
0.03 17.28
0.03 17.31
0.04 17.33
0.04 17.35
0.04 17.36
0.04 17.36
0.04 17.36
0.03 17.36
0.03 17.36
0.04 17.36
0.04 17.34
0.06 17.32
0.07 17.29
0.09 17.24
0.10 17.19
0.12 17.13
0.14 17.07
0.16 17.00
0.17 16.94
0.18 16.88
0.19 16.82
0.19 16.77
0.19 16.73
0.19 16.69
0.19 16.67
0.19 16.64
0.19 16.62
0.19 16.61
0.19 16.60
0.19 16.58
0.19 16.56
0.19 16.53
0.19 16.51
0.19 16.47
0.19 16.43
0.19 16.37
0.19 16.32
0.19 16.26
0.19 16.19
0.20 16.12
0.21 16.05
0.21 15.99
0.21 15.92
0.22 15.85
0.23 15.78
0.25 15.72
0.26 15.65
0.28 15.59
0.30 15.52
0.31 15.45
0.32 15.38
0.33 15.30
0.33 15.21
0.33 15.12
0.33 15.02
0.34 14.90
0.34 14.77
0.34 14.62
0.34 14.47
0.34 14.30
0.34 14.13
0.34 13.98
0.34 13.83
0.34 13.73
0.34 13.66
0.34 13.62
0.34 13.61
0.34 13.62
0.35 13.63
0.35 13.64
0.35 13.64
0.36 13.64
0.37 13.63
0.39 13.58
0.40 13.49
0.41 13.41
0.41 13.31
0.42 13.19
0.43 13.08
0.44 12.98
0.45 12.88
0.45 12.77
0.45 12.68
0.45 12.59
0.45 12.49
0.45 12.40
0.46 12.30
0.46 12.21
0.46 12.10
0.46 11.98
0.45 11.85
0.46 11.71
0.46 11.54
0.46 11.35
0.46 11.15
0.46 10.93
0.46 10.73
0.46 10.53
0.46 10.35
0.46 10.19
0.47 10.07
0.47 9.95
0.48 9.84
0.48 9.75
0.49 9.67
0.49 9.59
0.50 9.51
0.51 9.44
0.52 9.37
0.52 9.30
0.53 9.23
0.53 9.15
0.53 9.06
0.53 8.97
0.53 8.87
0.53 8.74
0.53 8.59
0.53 8.43
0.53 8.24
0.53 8.04
0.53 7.82
0.53 7.60
0.53 7.39
0.53 7.19
0.53 7.02
0.53 6.88
0.53 6.75
0.53 6.65
0.53 6.56
0.53 6.47
0.53 6.40
0.53 6.33
0.53 6.26
0.53 6.20
0.53 6.13
0.53 6.07
0.53 5.99
0.53 5.92
0.53 5.83
0.53 5.73
0.53 5.63
0.53 5.51
0.53 5.37
0.53 5.21
0.53 5.03
0.53 4.84
0.53 4.64
0.54 4.44
0.53 4.24
0.53 4.06
0.53 3.91
0.53 3.79
0.52 3.67
0.52 3.56
0.51 3.48
0.50 3.40
0.48 3.34
0.47 3.28
0.45 3.22
0.44 3.17
0.42 3.12
0.40 3.06
0.39 3.02
0.37 2.96
0.36 2.90
0.35 2.83
0.34 2.76
0.33 2.69
0.33 2.59
0.32 2.49
0.32 2.38
0.31 2.25
0.31 2.10
0.30 1.94
0.29 1.77
0.28 1.60
0.27 1.44
0.25 1.28
0.23 1.17
0.21 1.11
0.19 1.11
0.17 1.15
0.14 1.23
0.12 1.34
0.09 1.46
0.07 1.57
0.05 1.68
0.03 1.75
0.00 1.80
-0.02 1.82
-0.03 1.80
-0.04 1.76
-0.04 1.68
-0.05 1.58
-0.05 1.48
-0.05 1.39
-0.06 1.27
-0.06 1.18
-0.06 1.10
-0.06 1.06
-0.06 1.07
-0.06 1.11
-0.06 1.19
-0.06 1.30
-0.07 1.42
-0.08 1.56
-0.10 1.69
-0.12 1.84
-0.15 1.96
-0.18 2.07
-0.21 2.17
-0.25 2.25
-0.29 2.32
-0.34 2.35
-0.38 2.37
-0.41 2.39
-0.43 2.39
-0.45 2.40
-0.46 2.40
-0.45 2.41
-0.45 2.42
-0.44 2.45
-0.43 2.48
-0.42 2.53
-0.42 2.60
-0.41 2.68
-0.41 2.77
-0.41 2.85
-0.41 2.94
-0.41 3.03
-0.41 3.11
-0.41 3.20
-0.41 3.29
-0.41 3.39
-0.41 3.50
-0.41 3.63
-0.41 3.77
-0.42 3.93
-0.42 4.12
-0.42 4.32
-0.43 4.54
-0.44 4.76
-0.45 4.98
-0.46 5.18
-0.48 5.35
-0.50 5.50
-0.51 5.64
-0.52 5.75
-0.54 5.85
-0.55 5.94
-0.56 6.04
-0.57 6.13
-0.57 6.22
-0.57 6.30
-0.57 6.40
-0.57 6.50
-0.57 6.61
-0.57 6.74
-0.57 6.88
-0.57 7.04
-0.57 7.22
-0.57 7.42
-0.57 7.65
-0.57 7.87
-0.57 8.07
-0.57 8.29
-0.57 8.46
-0.57 8.62
-0.57 8.74
-0.57 8.84
-0.57 8.95
-0.57 9.04
-0.56 9.11
-0.56 9.18
-0.55 9.25
-0.54 9.31
-0.54 9.37
-0.53 9.43
-0.52 9.50
-0.51 9.57
-0.50 9.65
-0.50 9.73
-0.49 9.84
-0.48 9.96
-0.48 10.09
-0.48 10.23
-0.48 10.40
-0.48 10.59
-0.48 10.79
-0.48 11.01
-0.48 11.22
-0.48 11.41
-0.48 11.56
-0.48 11.70
-0.48 11.82
-0.48 11.91
-0.48 12.00
-0.48 12.06
-0.47 12.12
-0.47 12.17
-0.47 12.21
-0.46 12.26
-0.45 12.30
-0.44 12.35
-0.43 12.40
-0.42 12.46
-0.42 12.53
-0.41 12.60
-0.40 12.68
-0.39 12.77
-0.39 12.88
-0.38 12.99
-0.38 13.12
-0.38 13.26
-0.38 13.44
-0.38 13.63
-0.38 13.83
-0.38 14.05
-0.38 14.26
-0.38 14.45
-0.38 14.62
-0.38 14.76
-0.37 14.86
-0.37 14.93
-0.37 14.95
-0.36 14.97
-0.35 14.98
-0.34 14.97
-0.33 14.95
-0.31 14.93
-0.30 14.93
-0.29 14.93
-0.28 14.93
-0.27 14.96
-0.27 15.01
-0.26 15.06
-0.26 15.11
-0.26 15.18
-0.26 15.26
-0.26 15.34
-0.26 15.42
-0.26 15.50
-0.26 15.57
-0.26 15.65
-0.26 15.72
-0.26 15.80
-0.26 15.88
-0.26 15.96
-0.25 16.05
-0.25 16.16
-0.24 16.27
-0.23 16.39
-0.22 16.51
-0.21 16.65
-0.19 16.80
-0.18 16.93
-0.17 17.07
-0.15 17.18
-0.13 17.23
-0.12 17.23
-0.11 17.20
-0.11 17.15
-0.10 17.07
-0.11 16.98
-0.11 16.90
-0.12 16.82
-0.12 16.76
-0.12 16.73
-0.12 16.72
-0.12 16.72
-0.12 16.75
-0.12 16.82
-0.12 16.90
-0.12 17.01
-0.12 17.13
-0.12 17.26
-0.12 17.37
-0.11 17.47
-0.11 17.55
-0.10 17.60
-0.09 17.62
-0.07 17.62
-0.06 17.61
-0.04 17.56
-0.03 17.51
-0.01 17.45
0.00 17.38
0.02 17.32
0.02 17.26
0.03 17.21
0.04 17.17
0.04 17.15
0.04 17.14
0.03 17.15
0.03 17.17
0.03 17.20
0.03 17.23
0.03 17.28
0.04 17.32
0.04 17.35
0.04 17.37
0.04 17.38
0.04 17.38
0.04 17.38
0.04 17.38
0.03 17.37
0.03 17.35
0.04 17.32
0.05 17.28
0.06 17.24
0.08 17.19
0.09 17.13
0.11 17.07
0.13 17.01
0.16 16.95
0.17 16.90
0.19 16.85
0.19 16.81
0.20 16.78
0.20 16.75
0.20 16.73
0.20 16.71
0.20 16.70
0.20 16.69
0.20 16.67
0.20 16.65
0.20 16.63
0.20 16.60
0.20 16.57
0.20 16.52
0.20 16.47
0.20 16.41
0.20 16.34
0.20 16.28
0.20 16.21
0.20 16.14
0.20 16.07
0.21 16.00
0.21 15.94
0.22 15.88
0.23 15.82
0.23 15.76
0.24 15.69
0.25 15.64
0.27 15.58
0.28 15.51
0.29 15.44
0.29 15.37
0.30 15.29
0.31 15.20
0.31 15.10
0.32 14.99
0.32 14.87
0.32 14.74
0.32 14.59
0.33 14.43
0.33 14.26
0.33 14.09
0.33 13.95
0.33 13.81
0.33 13.72
0.33 13.66
0.34 13.63
0.34 13.63
0.35 13.64
0.35 13.65
0.36 13.66
0.38 13.66
0.39 13.66
0.40 13.64
0.41 13.58
0.42 13.49
0.42 13.40
0.42 13.29
0.44 13.17
0.44 13.06
0.44 12.95
0.44 12.86
0.44 12.76
0.44 12.67
0.44 12.58
0.45 12.49
0.44 12.39
0.44 12.30
0.45 12.20
0.44 12.09
0.44 11.98
0.44 11.85
0.44 11.70
0.45 11.54
0.45 11.34
0.45 11.13
0.46 10.91
0.46 10.70
0.47 10.50
0.47 10.31
0.48 10.16
0.48 10.02
0.49 9.89
0.50 9.79
0.50 9.69
0.51 9.61
0.51 9.53
0.52 9.45
0.52 9.38
0.52 9.31
0.52 9.24
0.52 9.17
0.52 9.09
0.52 9.00
0.52 8.90
0.52 8.78
0.52 8.65
0.52 8.50
0.52 8.33
0.52 8.14
0.52 7.93
0.52 7.72
0.52 7.50
0.52 7.30
0.52 7.13
0.52 6.98
0.52 6.85
0.52 6.74
0.52 6.66
0.52 6.59
0.52 6.52
0.52 6.45
0.52 6.40
0.52 6.33
0.52 12.56
0.52 6.21
0.52 6.13
0.52 6.05
0.52 5.95
0.52 5.85
0.52 5.74
0.52 5.62
0.52 5.49
0.52 5.33
0.52 5.14
0.52 4.95
0.52 4.74
0.52 4.52
0.52 4.30
0.52 4.11
0.52 3.93
0.52 3.79
0.52 3.66
0.52 3.55
0.52 3.45
0.52 3.36
0.52 3.29
0.51 3.23
0.51 3.16
0.50 3.10
0.49 3.04
0.47 2.99
0.46 2.93
0.44 2.87
0.42 2.81
0.40 2.73
0.38 2.66
0.36 2.57
0.33 2.47
0.31 2.37
0.30 2.25
0.28 2.12
0.27 1.97
0.26 1.81
0.25 1.64
0.25 1.49
0.24 1.36
0.24 1.25
0.24 1.19
0.23 1.17
0.23 1.18
0.22 1.22
0.20 1.28
0.19 1.36
0.17 1.45
0.15 1.53
0.13 1.61
0.11 1.67
0.08 1.69
0.05 1.69
0.03 1.67
0.00 1.63
-0.02 1.57
-0.05 1.50
-0.08 1.43
-0.11 1.35
-0.14 1.28
-0.15 1.22
-0.15 1.17
-0.15 1.15
-0.14 1.16
-0.14 1.19
-0.14 1.24
-0.13 1.31
-0.13 1.39
-0.13 1.50
-0.13 1.61
-0.13 1.71
-0.13 1.82
-0.13 1.91
-0.13 2.00
-0.14 2.07
-0.15 2.13
-0.17 2.18
-0.19 2.23
-0.22 2.25
-0.25 2.28
-0.28 2.30
-0.32 2.33
-0.36 2.34
-0.41 2.38
-0.44 2.41
-0.47 2.46
-0.50 2.51
-0.51 2.58
-0.51 2.66
-0.51 2.73
-0.50 2.81
-0.49 2.90
-0.48 2.98
-0.47 3.06
-0.45 3.15
-0.44 3.24
-0.44 3.33
-0.44 3.43
-0.44 3.55
-0.44 3.69
-0.44 3.84
-0.44 4.01
-0.44 4.20
-0.44 4.42
-0.44 4.65
-0.44 4.87
-0.44 5.08
-0.44 5.27
-0.45 5.43
-0.45 5.58
-0.45 5.69
-0.46 5.81
-0.47 5.91
-0.48 6.00
-0.49 6.09
-0.50 6.18
-0.51 6.26
-0.52 6.35
-0.54 6.45
-0.54 6.55
-0.55 6.67
-0.56 6.78
-0.56 6.93
-0.57 7.10
-0.56 7.29
-0.57 7.49
-0.57 7.71
-0.56 7.93
-0.57 8.14
-0.56 8.33
-0.56 8.50
-0.56 8.65
-0.56 8.77
-0.56 8.86
-0.56 8.96
-0.56 9.04
-0.56 9.12
-0.56 9.18
-0.56 9.24
-0.56 9.30
-0.56 9.36
-0.56 9.42
-0.56 9.48
-0.55 9.55
-0.55 9.63
-0.55 9.70
-0.54 9.80
-0.54 9.91
-0.53 10.04
-0.52 10.18
-0.51 10.34
-0.50 10.53
-0.48 10.73
-0.47 10.95
-0.46 11.16
-0.45 11.35
-0.44 11.52
-0.44 11.66
-0.44 11.79
-0.44 11.88
-0.44 11.97
-0.44 12.05
-0.44 12.12
-0.44 12.18
-0.44 12.25
-0.44 12.31
-0.44 12.37
-0.44 12.44
-0.44 12.50
-0.44 6.29
-0.44 12.64
-0.44 12.73
-0.44 12.82
-0.44 12.93
-0.44 13.05
-0.44 13.20
-0.43 13.36
-0.42 13.54
-0.42 13.74
-0.40 13.95
-0.39 14.17
-0.38 14.37
-0.37 14.56
-0.35 14.70
-0.33 14.81
-0.32 14.89
-0.31 14.95
-0.30 14.96
-0.30 14.97
-0.29 14.96
-0.30 14.94
-0.30 14.92
-0.30 14.90
-0.30 14.89
-0.30 14.90
-0.30 14.90
-0.30 14.92
-0.30 14.97
-0.30 15.03
-0.30 15.09
-0.30 15.16
-0.30 15.25
-0.30 15.33
-0.30 15.41
-0.30 15.49
-0.30 15.56
-0.29 15.64
-0.29 15.72
-0.28 15.80
-0.27 15.88
-0.26 15.96
-0.25 16.06
-0.24 16.17
-0.22 16.28
-0.21 16.40
-0.19 16.53
-0.18 16.67
-0.17 16.82
-0.15 16.95
-0.15 17.07
-0.14 17.17
-0.14 17.23
-0.14 17.23
-0.14 17.21
-0.15 17.14
-0.15 17.07
-0.15 16.98
-0.15 16.89
-0.15 16.81
-0.15 16.75
-0.15 16.70
-0.15 16.69
-0.15 16.69
-0.15 16.73
-0.15 16.80
-0.15 16.89
-0.14 17.00
-0.14 17.13
-0.13 17.25
-0.12 17.36
-0.11 17.47
-0.09 17.55
-0.07 17.61
-0.05 17.63
-0.03 17.63
-0.01 17.61
0.00 17.56
0.02 17.50
0.03 17.43
0.03 17.36
0.04 17.29
0.04 17.23
0.03 17.18
0.03 17.14
0.03 17.13
0.03 17.13
0.03 17.15
0.03 17.19
0.03 17.23
0.03 17.28
0.03 17.32
0.03 17.36
0.03 17.40
0.03 17.42
0.03 17.43
0.03 17.43
0.03 17.43
0.03 17.42
0.03 17.40
0.03 17.37
0.03 17.33
0.04 17.28
0.04 17.23
0.05 17.17
0.06 17.12
0.08 17.06
0.09 17.01
0.11 16.96
0.13 16.93
0.15 16.89
0.17 16.86
0.18 16.83
0.19 16.82
0.20 16.80
0.20 16.79
0.20 16.78
0.20 16.77
0.20 16.76
0.20 16.73
0.20 16.70
0.20 16.66
0.20 16.60
0.20 16.54
0.20 16.47
0.20 16.41
0.20 16.34
0.20 16.27
0.20 16.20
0.20 16.14
0.20 16.08
0.20 16.01
0.20 15.96
0.20 15.90
0.21 15.85
0.22 15.79
0.22 15.73
0.24 15.67
0.25 15.62
0.27 15.56
0.29 15.50
0.30 15.43
0.31 15.35
0.32 15.28
0.32 15.19
0.33 15.09
0.33 14.98
0.34 14.85
0.34 14.71
0.34 14.56
0.34 14.40
0.34 14.23
0.34 14.06
0.34 13.91
0.34 13.79
0.34 13.71
0.34 13.67
0.34 13.65
0.34 13.65
0.34 13.66
0.35 13.68
0.35 13.69
0.35 13.68
0.36 13.68
0.37 13.65
0.38 13.59
0.39 13.50
0.40 13.40
0.41 13.29
0.42 13.17
0.43 13.05
0.44 12.95
0.45 12.85
0.46 12.75
0.46 12.66
0.46 12.57
0.46 12.47
0.46 12.38
0.46 12.29
0.46 12.19
0.46 12.09
0.46 11.95
0.46 11.83
0.46 11.68
0.46 11.51
0.46 11.30
0.46 11.09
0.46 10.87
0.46 10.65
0.46 10.45
0.46 10.28
0.46 10.12
0.47 9.98
0.47 9.86
0.48 9.76
0.48 9.67
0.49 9.58
0.49 9.50
0.50 9.43
0.50 9.36
0.51 9.29
0.51 9.21
0.52 9.14
0.52 9.06
0.52 8.97
0.53 8.87
0.53 8.76
0.53 8.62
0.53 8.46
0.53 8.29
0.53 8.10
0.53 7.89
0.53 7.68
0.53 7.47
0.53 7.28
0.53 7.11
0.53 6.96
0.53 6.82
0.53 6.73
0.53 6.66
0.53 6.60
0.53 6.54
0.53 6.48
0.53 6.43
0.53 6.37
0.53 6.32
0.53 6.26
0.53 6.20
0.53 6.13
0.53 6.06
0.53 5.98
0.53 5.88
0.53 5.78
0.53 5.66
0.53 5.55
0.53 5.39
0.53 5.22
0.53 5.02
0.53 4.82
0.53 4.60
0.53 4.39
0.53 4.19
0.53 4.00
0.52 3.84
0.52 3.70
0.52 3.58
0.52 3.47
0.51 3.38
0.50 3.29
0.49 3.21
0.48 3.14
0.46 3.07
0.45 3.00
0.43 2.93
0.41 2.85
0.39 2.78
0.37 2.70
0.35 2.61
0.33 2.51
0.32 2.40
0.31 2.28
0.30 2.16
0.29 2.02
0.28 1.86
0.28 1.71
0.27 1.57
0.27 1.47
0.27 1.39
0.26 1.33
0.25 1.32
0.25 1.34
0.23 1.39
0.21 1.46
0.19 1.53
0.17 1.60
0.15 1.66
0.12 1.71
0.10 1.74
0.07 1.75
0.04 1.73
0.01 1.69
-0.01 1.63
-0.04 1.55
-0.06 1.46
-0.09 1.39
-0.11 1.29
-0.12 1.21
-0.12 1.14
-0.13 1.09
-0.13 1.04
-0.13 1.00
-0.13 0.96
-0.13 0.92
-0.13 0.90
-0.13 0.88
-0.13 0.87
-0.13 0.86
-0.13 0.85
-0.13 0.85
-0.13 0.85
-0.13 0.85
-0.13 0.85
-0.13 0.85
-0.13 0.85
-0.13 0.85
-0.13 0.85
-0.13 0.85
-0.13 0.85
-0.13 0.85
-0.13 0.85
-0.13 0.85
-0.13 0.85
-0.13 0.85
-0.13 0.85
-0.13 0.85
-0.13 0.85
-0.13 0.85
-0.13 0.85
-0.13 0.85
-0.13 0.85
-0.13 0.85
-0.13 0.85
-0.13 0.85
-0.13 0.85
-0.13 0.85
-0.13 0.85
-0.13 0.85
-0.13 0.85
-0.13 0.85
-0.13 0.85
-0.13 0.85
-0.13 0.85
-0.13 0.85
-0.13 0.85
-0.13 0.85
-0.13 0.85
-0.13 0.85
-0.13 0.85
-0.13 0.85
-0.13 0.85
-0.13 0.85
-0.13 0.85
-0.13 0.85
-0.13 0.85
-0.13 0.85
-0.13 0.85
-0.13 0.85
-0.13 0.85
-0.13 0.85
-0.13 0.85
-0.13 0.85
-0.13 0.85
-0.13 0.85
-0.13 0.85
-0.13 0.85
-0.13 0.85
-0.13 0.85
-0.13 0.85
-0.13 0.85
-0.13 0.85
-0.13 0.85
-0.13 0.85
-0.13 0.85
-0.13 0.85
-0.13 0.85
-0.13 0.85
-0.13 0.85
-0.13 0.85
-0.13 0.85
-0.13 0.85
-0.13 0.85
-0.13 0.85
-0.13 0.85
-0.13 0.85
-0.13 0.85
-0.13 0.85
-0.13 0.85
-0.13 0.85
-0.13 0.85
-0.13 0.85
-0.13 0.85
-0.13 0.85
-0.13 0.85
-0.13 0.85
-0.13 0.85
-0.13 0.85
-0.13 0.85
-0.13 0.85
-0.13 0.85
-0.13 0.85
-0.13 0.85
-0.13 0.85
-0.13 0.85
-0.13 0.85
-0.13 0.85
-0.13 0.85
-0.13 0.85
-0.13 0.85
-0.13 0.85
-0.13 0.85
-0.13 0.85
-0.13 0.85
-0.12 0.85
-0.12 0.85
-0.12 0.85
-0.12 0.85
-0.13 0.85
-0.13 0.85
-0.13 0.85
-0.13 0.85
-0.13 0.85
-0.13 0.85
-0.13 0.85
-0.13 0.85
-0.13 0.85
-0.13 0.85
-0.13 0.85
-0.13 0.85
-0.13 0.85
-0.13 0.85
-0.13 0.85
-0.13 0.85
-0.13 0.85
-0.13 0.85
-0.13 0.85
-0.13 0.85
-0.13 0.85
-0.13 0.85
-0.13 0.85
-0.13 0.85
-0.13 0.85
-0.13 0.85
-0.13 0.85
-0.13 0.85
-0.13 0.85
-0.13 0.85
-0.13 0.85
-0.13 0.85
-0.13 0.85
-0.13 0.85
-0.13 0.85
-0.13 0.85
-0.13 0.85
-0.13 0.85
-0.13 0.85
-0.13 0.85
-0.13 0.85
-0.13 0.85
-0.13 0.85
-0.13 0.85
-0.13 0.85
-0.13 0.85
-0.13 0.85
-0.13 0.85
-0.13 0.85
-0.13 0.85
-0.13 0.85
-0.13 0.85
-0.13 0.85
-0.13 0.85
-0.13 0.85
-0.13 0.85
-0.13 0.85
-0.13 0.85
-0.13 0.85
-0.13 0.85
-0.13 0.85
-0.13 0.85
-0.13 0.85
-0.13 0.85
-0.13 0.85
-0.13 0.85
-0.13 0.85
-0.13 0.85
-0.13 0.85
-0.13 0.85
-0.13 0.85
-0.13 0.85
-0.13 0.85
-0.13 0.85
-0.13 0.85
-0.13 0.85
-0.13 0.85
-0.13 0.85
-0.13 0.85
-0.13 0.85
-0.13 0.85
-0.13 0.85
-0.13 0.85
-0.13 0.85
-0.13 0.85
-0.13 0.85
-0.13 0.85
-0.13 0.85
-0.13 0.85
-0.13 0.85
-0.13 0.85
-0.13 0.85
-0.13 0.85
-0.13 0.85
-0.13 0.85
-0.13 0.85
-0.13 0.85
-0.13 0.85
-0.13 0.85
-0.13 0.85
-0.13 0.85
-0.13 0.85
-0.13 0.85
-0.13 0.85
-0.13 0.85
-0.13 0.85
-0.13 0.85
-0.13 0.85
-0.13 0.85
-0.13 0.85
-0.13 0.85
-0.13 0.85
-0.13 0.85
-0.13 0.85
-0.13 0.85
-0.13 0.85
-0.13 0.85
